2019-04-27 15:45:57,832 - INFO - portfolio-optimization - get_r - Get rates of return from raw data CSV file: ai-funds-raw-data.csv
2019-04-27 15:45:57,868 - DEBUG - portfolio-optimization - get_r - 
df_raw_data
            close_000166.XSHE  close_000416.XSHE  close_000563.XSHE  close_000567.XSHE  close_000617.XSHE  close_000627.XSHE  close_000686.XSHE  close_000712.XSHE  close_000728.XSHE
date                                                                                                                                                                                 
2017-01-03               6.07              11.47               7.17              38.07              18.64               7.76              12.23              23.19              13.07
2017-01-04               6.07              11.50               7.17              38.51              19.57               7.78              12.25              23.83              13.12
2017-01-05               6.07              11.66               7.17              39.67              20.55               7.79              12.17              23.53              13.02
2017-01-06               6.07              11.68               7.17              38.51              21.58               7.78              12.01              22.83              12.89
2017-01-09               6.07              11.67               7.17              38.67              22.66               7.75              12.14              22.47              12.86
2017-01-10               6.07              11.75               7.17              38.17              21.52               7.77              12.16              22.25              12.82
2017-01-11               6.07              11.52               7.17              39.07              21.53               7.71              11.94              21.88              12.73
2017-01-12               6.07              11.60               7.17              38.90              21.28               7.56              11.89              22.33              12.76
2017-01-13               6.07              12.12               7.17              38.58              21.28               7.53              11.85              21.85              12.57
2017-01-16               6.07              11.25               7.17              35.14              19.38               7.24              11.57              21.07              11.85
2017-01-17               6.07              11.07               7.17              33.80              18.24               7.25              11.60              21.05              11.72
2017-01-18               6.07              11.10               6.45              33.51              17.63               7.32              11.55              20.83              11.57
2017-01-19               6.07              11.09               5.81              33.31              17.51               7.25              11.56              21.70              11.72
2017-01-20               6.07              11.83               5.74              34.01              17.30               7.35              11.74              22.09              11.91
2017-01-23               6.07              11.77               5.71              34.13              17.37               7.36              11.84              22.07              11.94
2017-01-24               6.07              12.16               5.53              33.55              19.10               7.66              11.75              21.99              11.87
2017-01-25               6.07              12.00               5.74              33.27              18.91               7.64              11.79              22.20              11.90
2017-01-26               6.13              12.13               5.69              33.36              18.30               7.64              11.87              22.75              11.92
2017-02-03               6.07              11.78               5.74              33.58              18.64               7.48              11.79              22.88              11.79
2017-02-06               6.12              11.86               5.74              33.97              18.47               7.55              11.81              22.74              11.84
2017-02-07               6.12              12.02               5.89              34.40              19.42               7.51              11.69              23.37              11.64
2017-02-08               6.20              11.95               5.90              34.52              19.30               7.54              11.95              23.33              12.10
2017-02-09               6.20              12.45               5.90              34.58              19.41               7.60              11.93              23.34              12.11
2017-02-10               6.23              12.16               5.87              33.55              19.00               7.62              11.99              23.00              12.24
2017-02-13               6.25              12.11               5.90              33.83              18.19               7.68              12.05              22.94              12.73
2017-02-14               6.24              11.99               5.85              34.18              18.25               7.63              12.03              22.79              12.63
2017-02-15               6.21              11.90               5.99              34.68              17.78               7.56              11.96              20.99              12.56
2017-02-16               6.27              12.09               6.35              34.99              17.94               7.69              12.10              21.33              12.85
2017-02-17               6.27              11.75               6.20              33.80              17.19               7.79              12.14              21.40              12.77
2017-02-20               6.31              11.78               6.20              33.43              17.40               7.89              12.33              21.23              13.07
...                       ...                ...                ...                ...                ...                ...                ...                ...                ...
2018-12-20               4.23               4.48               2.76              11.51              10.56               5.77               6.56               9.55               7.48
2018-12-21               4.14               4.38               2.75              11.33              10.27               5.72               6.51               9.58               7.45
2018-12-24               4.15               4.38               2.77              11.32              10.27               5.71               6.46               9.51               7.35
2018-12-25               4.07               4.18               2.70              11.01              10.08               5.64               6.27               9.33               7.03
2018-12-26               4.01               4.17               2.68              10.98              10.15               5.61               6.14               9.08               6.94
2018-12-27               3.99               4.07               2.67              11.04              10.10               5.61               6.16               8.92               6.80
2018-12-28               4.07               4.09               2.68              11.12              10.75               5.61               6.26               9.08               6.98
2019-01-02               4.04               4.07               2.67              11.11              10.24               5.61               6.28               9.17               7.01
2019-01-03               4.13               4.07               2.70              10.92               9.93               5.56               6.44               9.32               7.20
2019-01-04               4.42               4.40               2.88              11.35              10.38               5.69               6.97              10.18               7.92
2019-01-07               4.38               4.36               2.90              11.61              10.33               5.69               6.90              10.43               7.81
2019-01-08               4.40               4.33               2.90              11.44              10.26               5.63               7.05              10.50               7.82
2019-01-09               4.40               4.33               2.88              11.41              10.27               5.66               6.98              10.69               7.76
2019-01-10               4.33               4.32               2.84              11.34              10.16               5.56               6.91              10.41               7.69
2019-01-11               4.36               4.33               2.86              11.54              10.13               5.56               6.95              10.47               7.71
2019-01-14               4.32               4.31               2.85              11.25              10.19               5.59               6.88              10.40               7.63
2019-01-15               4.41               4.36               2.88              11.49              10.18               5.62               7.03              10.56               7.83
2019-01-16               4.38               4.31               2.86              11.40              10.14               5.58               6.92              10.47               7.71
2019-01-17               4.32               4.16               2.85              11.37              10.14               5.65               6.82              10.17               7.60
2019-01-18               4.38               4.17               2.88              11.49              10.19               5.72               6.90              10.17               7.71
2019-01-21               4.38               4.19               2.88              11.50              10.37               5.75               6.89              10.12               7.65
2019-01-22               4.34               4.16               2.83              11.30              10.15               5.69               6.77              10.01               7.63
2019-01-23               4.32               4.15               2.83              11.06              10.05               5.67               6.83               9.90               7.67
2019-01-24               4.38               4.14               2.85              11.06              10.11               5.62               6.92              10.08               7.80
2019-01-25               4.38               4.11               2.85              10.89              10.17               5.64               6.87               9.65               7.71
2019-01-28               4.39               4.08               2.84              10.80              10.12               5.67               6.68               9.51               7.71
2019-01-29               4.39               3.97               2.74              10.33              10.06               5.77               6.61               9.51               7.53
2019-01-30               4.35               4.00               2.71              10.33              10.05               5.61               6.55               9.25               7.41
2019-01-31               4.42               3.93               2.72              10.07              10.06               5.55               6.64               9.16               7.48
2019-02-01               4.50               4.03               2.80              10.57              10.21               5.70               6.86               9.50               7.71

[510 rows x 9 columns]
with dimensions 510x9
2019-04-27 15:45:57,878 - DEBUG - portfolio-optimization - get_r - 
r
[[ 0.          0.          0.         ... -0.00911162  0.01609195
   0.01809955]
 [ 0.00261552  0.01391304  0.00171527 ...  0.00755668 -0.0175
   0.02544529]
 [ 0.          0.          0.         ... -0.01094891  0.00369004
   0.02941176]
 ...
 [ 0.00163532 -0.00653061 -0.01314708 ... -0.00907716  0.01374046
   0.03313253]
 [ 0.0275981  -0.01258917 -0.02974926 ... -0.02733964 -0.00972973
   0.0371179 ]
 [ 0.00382555 -0.00762195 -0.00998464 ... -0.01593625  0.00944669
   0.03074866]]
with dimensions 9x509
2019-04-27 15:45:57,879 - DEBUG - portfolio-optimization - get_efficient_frontier_params - 
r
[[ 0.          0.          0.         ... -0.00911162  0.01609195
   0.01809955]
 [ 0.00261552  0.01391304  0.00171527 ...  0.00755668 -0.0175
   0.02544529]
 [ 0.          0.          0.         ... -0.01094891  0.00369004
   0.02941176]
 ...
 [ 0.00163532 -0.00653061 -0.01314708 ... -0.00907716  0.01374046
   0.03313253]
 [ 0.0275981  -0.01258917 -0.02974926 ... -0.02733964 -0.00972973
   0.0371179 ]
 [ 0.00382555 -0.00762195 -0.00998464 ... -0.01593625  0.00944669
   0.03074866]]
2019-04-27 15:45:57,880 - DEBUG - portfolio-optimization - get_efficient_frontier_params - 
Sigma
[[0.00018557 0.00018983 0.00017784 0.00013958 0.00015618 0.0001174
  0.0002149  0.00021589 0.00024386]
 [0.00018983 0.00080556 0.00030666 0.00031076 0.00027933 0.00024364
  0.00028115 0.00037007 0.00030736]
 [0.00017784 0.00030666 0.00048845 0.00023712 0.00025132 0.00019724
  0.0002575  0.00030719 0.00029128]
 [0.00013958 0.00031076 0.00023712 0.00083968 0.00025287 0.00017454
  0.00021218 0.00028199 0.00023429]
 [0.00015618 0.00027933 0.00025132 0.00025287 0.00058997 0.00016848
  0.00022035 0.00026862 0.00024522]
 [0.0001174  0.00024364 0.00019724 0.00017454 0.00016848 0.00044231
  0.00017364 0.00022627 0.00017541]
 [0.0002149  0.00028115 0.0002575  0.00021218 0.00022035 0.00017364
  0.00032282 0.00032264 0.00035038]
 [0.00021589 0.00037007 0.00030719 0.00028199 0.00026862 0.00022627
  0.00032264 0.00076087 0.00037455]
 [0.00024386 0.00030736 0.00029128 0.00023429 0.00024522 0.00017541
  0.00035038 0.00037455 0.00050462]]
2019-04-27 15:45:57,880 - DEBUG - portfolio-optimization - get_efficient_frontier_params - 
mu
[[-0.00049542]
 [-0.0016531 ]
 [-0.0016013 ]
 [-0.00209306]
 [-0.00089015]
 [-0.00038591]
 [-0.00097404]
 [-0.0013687 ]
 [-0.00078557]]
2019-04-27 15:45:57,880 - INFO - portfolio-optimization - get_efficient_frontier_params - Number of assets = 9
2019-04-27 15:45:57,882 - DEBUG - portfolio-optimization - get_efficient_frontier_params - 
Sigma_inv
[[ 2.42077397e+04 -2.09836530e+01 -3.74484644e+02  1.78667296e+02
  -4.71785462e+02 -1.17851049e+02 -1.34390844e+04  1.37438786e+02
  -2.05304252e+03]
 [-2.09836530e+01  2.02465359e+03 -3.53675045e+02 -2.39370061e+02
  -2.12332044e+02 -3.63120014e+02 -7.36579807e+02 -2.67587873e+02
   3.16697348e+01]
 [-3.74484644e+02 -3.53675045e+02  3.96167014e+03 -1.84782992e+02
  -4.77100128e+02 -4.48775245e+02 -1.35232707e+03 -2.24048695e+02
  -3.11451240e+02]
 [ 1.78667296e+02 -2.39370061e+02 -1.84782992e+02  1.55598448e+03
  -2.78799596e+02 -1.16341922e+02 -3.82264317e+02 -1.33329087e+02
  -1.60180089e+01]
 [-4.71785462e+02 -2.12332044e+02 -4.77100128e+02 -2.78799596e+02
   2.50839467e+03 -1.55294300e+02 -4.32106695e+02 -1.14213420e+02
  -1.80228868e+01]
 [-1.17851049e+02 -3.63120014e+02 -4.48775245e+02 -1.16341922e+02
  -1.55294300e+02  3.13396785e+03 -9.94723951e+02 -2.40950400e+02
   4.46773073e+02]
 [-1.34390844e+04 -7.36579807e+02 -1.35232707e+03 -3.82264317e+02
  -4.32106695e+02 -9.94723951e+02  2.40302682e+04 -1.31074963e+03
  -7.25529711e+03]
 [ 1.37438786e+02 -2.67587873e+02 -2.24048695e+02 -1.33329087e+02
  -1.14213420e+02 -2.40950400e+02 -1.31074963e+03  2.45003417e+03
  -4.81346334e+02]
 [-2.05304252e+03  3.16697348e+01 -3.11451240e+02 -1.60180089e+01
  -1.80228868e+01  4.46773073e+02 -7.25529711e+03 -4.81346334e+02
   8.39017008e+03]]
2019-04-27 15:45:57,882 - DEBUG - portfolio-optimization - get_efficient_frontier_params - 
ones_matrix
[[1.]
 [1.]
 [1.]
 [1.]
 [1.]
 [1.]
 [1.]
 [1.]
 [1.]]
2019-04-27 15:45:57,882 - INFO - portfolio-optimization - get_efficient_frontier_params - a = 0.009987174802603
2019-04-27 15:45:57,883 - INFO - portfolio-optimization - get_efficient_frontier_params - b = -2.6187035183073126
2019-04-27 15:45:57,883 - INFO - portfolio-optimization - get_efficient_frontier_params - c = 6696.301452935373
2019-04-27 15:45:57,883 - INFO - portfolio-optimization - get_efficient_frontier_params - d = 60.01952502459492
2019-04-27 15:45:57,883 - DEBUG - portfolio-optimization - efficient_frontier - Number of assets = 9
2019-04-27 15:45:57,884 - DEBUG - portfolio-optimization - efficient_frontier - 
ones_matrix
[[1.]
 [1.]
 [1.]
 [1.]
 [1.]
 [1.]
 [1.]
 [1.]
 [1.]]
2019-04-27 15:45:57,885 - INFO - portfolio-optimization - efficient_frontier - 
sigma_p
[0.05019271 0.04916891 0.0481465  0.04712559 0.04610628 0.04508866
 0.04407287 0.04305902 0.04204726 0.04103774 0.04003063 0.03902612
 0.03802442 0.03702575 0.03603036 0.03503854 0.0340506  0.03306688
 0.03208777 0.03111371 0.03014518 0.02918275 0.02822702 0.02727871
 0.02633862 0.02540766 0.02448686 0.02357743 0.02268073 0.02179833
 0.02093204 0.02008394 0.01925644 0.0184523  0.01767473 0.01692737
 0.01621441 0.01554058 0.01491119 0.0143321  0.01380963 0.01335043
 0.01296123 0.01264849 0.01241799 0.01227437 0.01222068 0.01225812
 0.01238585 0.01260112 0.01289956 0.01327556 0.01372275 0.01423441
 0.01480387 0.01542471 0.01609101 0.01679734 0.01753887 0.01831133
 0.01911097 0.01993451 0.02077912 0.02164232 0.02252199 0.02341625
 0.02432352 0.02524237 0.0261716  0.02711013 0.02805703 0.02901149
 0.02997277 0.03094025 0.03191336 0.0328916  0.03387453 0.03486175
 0.0358529  0.03684767 0.03784577 0.03884695 0.03985097 0.04085763
 0.04186673 0.0428781  0.04389159 0.04490705 0.04592435 0.04694337
 0.047964   0.04898614 0.0500097  0.05103459 0.05206074 0.05308807
 0.05411651 0.055146   0.05617649 0.05720792]
2019-04-27 15:45:57,917 - DEBUG - portfolio-optimization - efficient_frontier - Detected mu_p as an array
2019-04-27 15:45:57,918 - DEBUG - portfolio-optimization - efficient_frontier - 
theta_ef at mu_p = -0.005
[[-2.08643522]
 [ 0.46025407]
 [ 1.38672258]
 [ 0.90223076]
 [-0.19839496]
 [-0.82912697]
 [ 2.30958872]
 [ 0.26243175]
 [-1.20727074]]
2019-04-27 15:45:57,918 - DEBUG - portfolio-optimization - efficient_frontier - 
theta_ef at mu_p = -0.0049
[[-2.01509363]
 [ 0.44982299]
 [ 1.35739638]
 [ 0.88389845]
 [-0.19296042]
 [-0.8074317 ]
 [ 2.25340922]
 [ 0.25613915]
 [-1.18518045]]
2019-04-27 15:45:57,918 - DEBUG - portfolio-optimization - efficient_frontier - 
theta_ef at mu_p = -0.0048
[[-1.94375205]
 [ 0.43939191]
 [ 1.32807018]
 [ 0.86556615]
 [-0.18752587]
 [-0.78573643]
 [ 2.19722973]
 [ 0.24984654]
 [-1.16309016]]
2019-04-27 15:45:57,919 - DEBUG - portfolio-optimization - efficient_frontier - 
theta_ef at mu_p = -0.004699999999999999
[[-1.87241046]
 [ 0.42896082]
 [ 1.29874399]
 [ 0.84723384]
 [-0.18209133]
 [-0.76404116]
 [ 2.14105024]
 [ 0.24355393]
 [-1.14099986]]
2019-04-27 15:45:57,919 - DEBUG - portfolio-optimization - efficient_frontier - 
theta_ef at mu_p = -0.004599999999999999
[[-1.80106888]
 [ 0.41852974]
 [ 1.26941779]
 [ 0.82890154]
 [-0.17665678]
 [-0.74234589]
 [ 2.08487074]
 [ 0.23726133]
 [-1.11890957]]
2019-04-27 15:45:57,919 - DEBUG - portfolio-optimization - efficient_frontier - 
theta_ef at mu_p = -0.004499999999999999
[[-1.72972729]
 [ 0.40809865]
 [ 1.24009159]
 [ 0.81056923]
 [-0.17122224]
 [-0.72065062]
 [ 2.02869125]
 [ 0.23096872]
 [-1.09681928]]
2019-04-27 15:45:57,920 - DEBUG - portfolio-optimization - efficient_frontier - 
theta_ef at mu_p = -0.0043999999999999985
[[-1.65838571]
 [ 0.39766757]
 [ 1.21076539]
 [ 0.79223693]
 [-0.1657877 ]
 [-0.69895535]
 [ 1.97251175]
 [ 0.22467612]
 [-1.07472899]]
2019-04-27 15:45:57,920 - DEBUG - portfolio-optimization - efficient_frontier - 
theta_ef at mu_p = -0.004299999999999998
[[-1.58704413]
 [ 0.38723648]
 [ 1.18143919]
 [ 0.77390462]
 [-0.16035315]
 [-0.67726009]
 [ 1.91633226]
 [ 0.21838351]
 [-1.05263869]]
2019-04-27 15:45:57,920 - DEBUG - portfolio-optimization - efficient_frontier - 
theta_ef at mu_p = -0.004199999999999998
[[-1.51570254]
 [ 0.3768054 ]
 [ 1.15211299]
 [ 0.75557232]
 [-0.15491861]
 [-0.65556482]
 [ 1.86015276]
 [ 0.2120909 ]
 [-1.0305484 ]]
2019-04-27 15:45:57,920 - DEBUG - portfolio-optimization - efficient_frontier - 
theta_ef at mu_p = -0.004099999999999998
[[-1.44436096]
 [ 0.36637431]
 [ 1.12278679]
 [ 0.73724001]
 [-0.14948407]
 [-0.63386955]
 [ 1.80397327]
 [ 0.2057983 ]
 [-1.00845811]]
2019-04-27 15:45:57,921 - DEBUG - portfolio-optimization - efficient_frontier - 
theta_ef at mu_p = -0.0039999999999999975
[[-1.37301937]
 [ 0.35594323]
 [ 1.09346059]
 [ 0.71890771]
 [-0.14404952]
 [-0.61217428]
 [ 1.74779378]
 [ 0.19950569]
 [-0.98636782]]
2019-04-27 15:45:57,921 - DEBUG - portfolio-optimization - efficient_frontier - 
theta_ef at mu_p = -0.0038999999999999972
[[-1.30167779]
 [ 0.34551214]
 [ 1.06413439]
 [ 0.7005754 ]
 [-0.13861498]
 [-0.59047901]
 [ 1.69161428]
 [ 0.19321309]
 [-0.96427752]]
2019-04-27 15:45:57,921 - DEBUG - portfolio-optimization - efficient_frontier - 
theta_ef at mu_p = -0.003799999999999997
[[-1.2303362 ]
 [ 0.33508106]
 [ 1.03480819]
 [ 0.6822431 ]
 [-0.13318043]
 [-0.56878374]
 [ 1.63543479]
 [ 0.18692048]
 [-0.94218723]]
2019-04-27 15:45:57,921 - DEBUG - portfolio-optimization - efficient_frontier - 
theta_ef at mu_p = -0.0036999999999999967
[[-1.15899462]
 [ 0.32464997]
 [ 1.00548199]
 [ 0.66391079]
 [-0.12774589]
 [-0.54708847]
 [ 1.57925529]
 [ 0.18062788]
 [-0.92009694]]
2019-04-27 15:45:57,922 - DEBUG - portfolio-optimization - efficient_frontier - 
theta_ef at mu_p = -0.0035999999999999964
[[-1.08765303]
 [ 0.31421889]
 [ 0.97615579]
 [ 0.64557848]
 [-0.12231135]
 [-0.52539321]
 [ 1.5230758 ]
 [ 0.17433527]
 [-0.89800665]]
2019-04-27 15:45:57,922 - DEBUG - portfolio-optimization - efficient_frontier - 
theta_ef at mu_p = -0.003499999999999996
[[-1.01631145]
 [ 0.3037878 ]
 [ 0.94682959]
 [ 0.62724618]
 [-0.1168768 ]
 [-0.50369794]
 [ 1.4668963 ]
 [ 0.16804266]
 [-0.87591635]]
2019-04-27 15:45:57,922 - DEBUG - portfolio-optimization - efficient_frontier - 
theta_ef at mu_p = -0.003399999999999996
[[-0.94496986]
 [ 0.29335672]
 [ 0.91750339]
 [ 0.60891387]
 [-0.11144226]
 [-0.48200267]
 [ 1.41071681]
 [ 0.16175006]
 [-0.85382606]]
2019-04-27 15:45:57,923 - DEBUG - portfolio-optimization - efficient_frontier - 
theta_ef at mu_p = -0.0032999999999999956
[[-0.87362828]
 [ 0.28292563]
 [ 0.88817719]
 [ 0.59058157]
 [-0.10600771]
 [-0.4603074 ]
 [ 1.35453731]
 [ 0.15545745]
 [-0.83173577]]
2019-04-27 15:45:57,923 - DEBUG - portfolio-optimization - efficient_frontier - 
theta_ef at mu_p = -0.0031999999999999954
[[-0.8022867 ]
 [ 0.27249455]
 [ 0.85885099]
 [ 0.57224926]
 [-0.10057317]
 [-0.43861213]
 [ 1.29835782]
 [ 0.14916485]
 [-0.80964548]]
2019-04-27 15:45:57,923 - DEBUG - portfolio-optimization - efficient_frontier - 
theta_ef at mu_p = -0.003099999999999995
[[-0.73094511]
 [ 0.26206347]
 [ 0.82952479]
 [ 0.55391696]
 [-0.09513863]
 [-0.41691686]
 [ 1.24217833]
 [ 0.14287224]
 [-0.78755518]]
2019-04-27 15:45:57,923 - DEBUG - portfolio-optimization - efficient_frontier - 
theta_ef at mu_p = -0.002999999999999995
[[-0.65960353]
 [ 0.25163238]
 [ 0.8001986 ]
 [ 0.53558465]
 [-0.08970408]
 [-0.3952216 ]
 [ 1.18599883]
 [ 0.13657963]
 [-0.76546489]]
2019-04-27 15:45:57,924 - DEBUG - portfolio-optimization - efficient_frontier - 
theta_ef at mu_p = -0.0028999999999999946
[[-0.58826194]
 [ 0.2412013 ]
 [ 0.7708724 ]
 [ 0.51725235]
 [-0.08426954]
 [-0.37352633]
 [ 1.12981934]
 [ 0.13028703]
 [-0.7433746 ]]
2019-04-27 15:45:57,924 - DEBUG - portfolio-optimization - efficient_frontier - 
theta_ef at mu_p = -0.0027999999999999943
[[-0.51692036]
 [ 0.23077021]
 [ 0.7415462 ]
 [ 0.49892004]
 [-0.078835  ]
 [-0.35183106]
 [ 1.07363984]
 [ 0.12399442]
 [-0.72128431]]
2019-04-27 15:45:57,924 - DEBUG - portfolio-optimization - efficient_frontier - 
theta_ef at mu_p = -0.002699999999999994
[[-0.44557877]
 [ 0.22033913]
 [ 0.71222   ]
 [ 0.48058774]
 [-0.07340045]
 [-0.33013579]
 [ 1.01746035]
 [ 0.11770182]
 [-0.69919401]]
2019-04-27 15:45:57,924 - DEBUG - portfolio-optimization - efficient_frontier - 
theta_ef at mu_p = -0.002599999999999994
[[-0.37423719]
 [ 0.20990804]
 [ 0.6828938 ]
 [ 0.46225543]
 [-0.06796591]
 [-0.30844052]
 [ 0.96128085]
 [ 0.11140921]
 [-0.67710372]]
2019-04-27 15:45:57,925 - DEBUG - portfolio-optimization - efficient_frontier - 
theta_ef at mu_p = -0.0024999999999999935
[[-0.3028956 ]
 [ 0.19947696]
 [ 0.6535676 ]
 [ 0.44392313]
 [-0.06253136]
 [-0.28674525]
 [ 0.90510136]
 [ 0.1051166 ]
 [-0.65501343]]
2019-04-27 15:45:57,925 - DEBUG - portfolio-optimization - efficient_frontier - 
theta_ef at mu_p = -0.0023999999999999933
[[-0.23155402]
 [ 0.18904587]
 [ 0.6242414 ]
 [ 0.42559082]
 [-0.05709682]
 [-0.26504998]
 [ 0.84892187]
 [ 0.098824  ]
 [-0.63292314]]
2019-04-27 15:45:57,925 - DEBUG - portfolio-optimization - efficient_frontier - 
theta_ef at mu_p = -0.002299999999999993
[[-0.16021244]
 [ 0.17861479]
 [ 0.5949152 ]
 [ 0.40725852]
 [-0.05166228]
 [-0.24335472]
 [ 0.79274237]
 [ 0.09253139]
 [-0.61083284]]
2019-04-27 15:45:57,926 - DEBUG - portfolio-optimization - efficient_frontier - 
theta_ef at mu_p = -0.0021999999999999928
[[-0.08887085]
 [ 0.1681837 ]
 [ 0.565589  ]
 [ 0.38892621]
 [-0.04622773]
 [-0.22165945]
 [ 0.73656288]
 [ 0.08623879]
 [-0.58874255]]
2019-04-27 15:45:57,926 - DEBUG - portfolio-optimization - efficient_frontier - 
theta_ef at mu_p = -0.0020999999999999925
[[-0.01752927]
 [ 0.15775262]
 [ 0.5362628 ]
 [ 0.37059391]
 [-0.04079319]
 [-0.19996418]
 [ 0.68038338]
 [ 0.07994618]
 [-0.56665226]]
2019-04-27 15:45:57,926 - DEBUG - portfolio-optimization - efficient_frontier - 
theta_ef at mu_p = -0.0019999999999999922
[[ 0.05381232]
 [ 0.14732153]
 [ 0.5069366 ]
 [ 0.3522616 ]
 [-0.03535864]
 [-0.17826891]
 [ 0.62420389]
 [ 0.07365358]
 [-0.54456197]]
2019-04-27 15:45:57,926 - DEBUG - portfolio-optimization - efficient_frontier - 
theta_ef at mu_p = -0.001899999999999992
[[ 0.1251539 ]
 [ 0.13689045]
 [ 0.4776104 ]
 [ 0.3339293 ]
 [-0.0299241 ]
 [-0.15657364]
 [ 0.56802439]
 [ 0.06736097]
 [-0.52247167]]
2019-04-27 15:45:57,927 - DEBUG - portfolio-optimization - efficient_frontier - 
theta_ef at mu_p = -0.0017999999999999917
[[ 0.19649549]
 [ 0.12645936]
 [ 0.4482842 ]
 [ 0.31559699]
 [-0.02448956]
 [-0.13487837]
 [ 0.5118449 ]
 [ 0.06106836]
 [-0.50038138]]
2019-04-27 15:45:57,927 - DEBUG - portfolio-optimization - efficient_frontier - 
theta_ef at mu_p = -0.0016999999999999914
[[ 0.26783707]
 [ 0.11602828]
 [ 0.418958  ]
 [ 0.29726469]
 [-0.01905501]
 [-0.1131831 ]
 [ 0.4556654 ]
 [ 0.05477576]
 [-0.47829109]]
2019-04-27 15:45:57,927 - DEBUG - portfolio-optimization - efficient_frontier - 
theta_ef at mu_p = -0.0015999999999999912
[[ 0.33917866]
 [ 0.10559719]
 [ 0.3896318 ]
 [ 0.27893238]
 [-0.01362047]
 [-0.09148784]
 [ 0.39948591]
 [ 0.04848315]
 [-0.4562008 ]]
2019-04-27 15:45:57,928 - DEBUG - portfolio-optimization - efficient_frontier - 
theta_ef at mu_p = -0.001499999999999991
[[ 0.41052024]
 [ 0.09516611]
 [ 0.3603056 ]
 [ 0.26060008]
 [-0.00818593]
 [-0.06979257]
 [ 0.34330642]
 [ 0.04219055]
 [-0.43411051]]
2019-04-27 15:45:57,928 - DEBUG - portfolio-optimization - efficient_frontier - 
theta_ef at mu_p = -0.0013999999999999907
[[ 0.48186183]
 [ 0.08473503]
 [ 0.3309794 ]
 [ 0.24226777]
 [-0.00275138]
 [-0.0480973 ]
 [ 0.28712692]
 [ 0.03589794]
 [-0.41202021]]
2019-04-27 15:45:57,928 - DEBUG - portfolio-optimization - efficient_frontier - 
theta_ef at mu_p = -0.0012999999999999904
[[ 0.55320341]
 [ 0.07430394]
 [ 0.30165321]
 [ 0.22393547]
 [ 0.00268316]
 [-0.02640203]
 [ 0.23094743]
 [ 0.02960533]
 [-0.38992992]]
2019-04-27 15:45:57,928 - DEBUG - portfolio-optimization - efficient_frontier - 
theta_ef at mu_p = -0.0011999999999999901
[[ 0.62454499]
 [ 0.06387286]
 [ 0.27232701]
 [ 0.20560316]
 [ 0.00811771]
 [-0.00470676]
 [ 0.17476793]
 [ 0.02331273]
 [-0.36783963]]
2019-04-27 15:45:57,929 - DEBUG - portfolio-optimization - efficient_frontier - 
theta_ef at mu_p = -0.0010999999999999899
[[ 0.69588658]
 [ 0.05344177]
 [ 0.24300081]
 [ 0.18727086]
 [ 0.01355225]
 [ 0.01698851]
 [ 0.11858844]
 [ 0.01702012]
 [-0.34574934]]
2019-04-27 15:45:57,929 - DEBUG - portfolio-optimization - efficient_frontier - 
theta_ef at mu_p = -0.0009999999999999896
[[ 0.76722816]
 [ 0.04301069]
 [ 0.21367461]
 [ 0.16893855]
 [ 0.01898679]
 [ 0.03868378]
 [ 0.06240894]
 [ 0.01072752]
 [-0.32365904]]
2019-04-27 15:45:57,929 - DEBUG - portfolio-optimization - efficient_frontier - 
theta_ef at mu_p = -0.0008999999999999894
[[ 0.83856975]
 [ 0.0325796 ]
 [ 0.18434841]
 [ 0.15060625]
 [ 0.02442134]
 [ 0.06037904]
 [ 0.00622945]
 [ 0.00443491]
 [-0.30156875]]
2019-04-27 15:45:57,930 - DEBUG - portfolio-optimization - efficient_frontier - 
theta_ef at mu_p = -0.0007999999999999891
[[ 0.90991133]
 [ 0.02214852]
 [ 0.15502221]
 [ 0.13227394]
 [ 0.02985588]
 [ 0.08207431]
 [-0.04995004]
 [-0.00185769]
 [-0.27947846]]
2019-04-27 15:45:57,930 - DEBUG - portfolio-optimization - efficient_frontier - 
theta_ef at mu_p = -0.0006999999999999888
[[ 0.98125292]
 [ 0.01171743]
 [ 0.12569601]
 [ 0.11394164]
 [ 0.03529043]
 [ 0.10376958]
 [-0.10612954]
 [-0.0081503 ]
 [-0.25738817]]
2019-04-27 15:45:57,930 - DEBUG - portfolio-optimization - efficient_frontier - 
theta_ef at mu_p = -0.0005999999999999886
[[ 1.0525945 ]
 [ 0.00128635]
 [ 0.09636981]
 [ 0.09560933]
 [ 0.04072497]
 [ 0.12546485]
 [-0.16230903]
 [-0.01444291]
 [-0.23529787]]
2019-04-27 15:45:57,930 - DEBUG - portfolio-optimization - efficient_frontier - 
theta_ef at mu_p = -0.0004999999999999883
[[ 1.12393609]
 [-0.00914474]
 [ 0.06704361]
 [ 0.07727703]
 [ 0.04615951]
 [ 0.14716012]
 [-0.21848853]
 [-0.02073551]
 [-0.21320758]]
2019-04-27 15:45:57,931 - DEBUG - portfolio-optimization - efficient_frontier - 
theta_ef at mu_p = -0.00039999999999998804
[[ 1.19527767]
 [-0.01957582]
 [ 0.03771741]
 [ 0.05894472]
 [ 0.05159406]
 [ 0.16885539]
 [-0.27466802]
 [-0.02702812]
 [-0.19111729]]
2019-04-27 15:45:57,931 - DEBUG - portfolio-optimization - efficient_frontier - 
theta_ef at mu_p = -0.0002999999999999878
[[ 1.26661926]
 [-0.03000691]
 [ 0.00839121]
 [ 0.04061242]
 [ 0.0570286 ]
 [ 0.19055066]
 [-0.33084752]
 [-0.03332072]
 [-0.169027  ]]
2019-04-27 15:45:57,931 - DEBUG - portfolio-optimization - efficient_frontier - 
theta_ef at mu_p = -0.00019999999999998751
[[ 1.33796084]
 [-0.04043799]
 [-0.02093499]
 [ 0.02228011]
 [ 0.06246314]
 [ 0.21224592]
 [-0.38702701]
 [-0.03961333]
 [-0.1469367 ]]
2019-04-27 15:45:57,932 - DEBUG - portfolio-optimization - efficient_frontier - 
theta_ef at mu_p = -9.999999999998725e-05
[[ 1.40930242]
 [-0.05086908]
 [-0.05026119]
 [ 0.00394781]
 [ 0.06789769]
 [ 0.23394119]
 [-0.44320651]
 [-0.04590594]
 [-0.12484641]]
2019-04-27 15:45:57,932 - DEBUG - portfolio-optimization - efficient_frontier - 
theta_ef at mu_p = 1.3010426069826053e-17
[[ 1.48064401]
 [-0.06130016]
 [-0.07958739]
 [-0.0143845 ]
 [ 0.07333223]
 [ 0.25563646]
 [-0.499386  ]
 [-0.05219854]
 [-0.10275612]]
2019-04-27 15:45:57,932 - DEBUG - portfolio-optimization - efficient_frontier - 
theta_ef at mu_p = 0.00010000000000001327
[[ 1.55198559]
 [-0.07173125]
 [-0.10891359]
 [-0.0327168 ]
 [ 0.07876678]
 [ 0.27733173]
 [-0.55556549]
 [-0.05849115]
 [-0.08066583]]
2019-04-27 15:45:57,932 - DEBUG - portfolio-optimization - efficient_frontier - 
theta_ef at mu_p = 0.00020000000000001354
[[ 1.62332718]
 [-0.08216233]
 [-0.13823979]
 [-0.05104911]
 [ 0.08420132]
 [ 0.299027  ]
 [-0.61174499]
 [-0.06478375]
 [-0.05857553]]
2019-04-27 15:45:57,933 - DEBUG - portfolio-optimization - efficient_frontier - 
theta_ef at mu_p = 0.0003000000000000138
[[ 1.69466876]
 [-0.09259341]
 [-0.16756599]
 [-0.06938141]
 [ 0.08963586]
 [ 0.32072227]
 [-0.66792448]
 [-0.07107636]
 [-0.03648524]]
2019-04-27 15:45:57,933 - DEBUG - portfolio-optimization - efficient_frontier - 
theta_ef at mu_p = 0.00040000000000001406
[[ 1.76601035]
 [-0.1030245 ]
 [-0.19689218]
 [-0.08771372]
 [ 0.09507041]
 [ 0.34241754]
 [-0.72410398]
 [-0.07736896]
 [-0.01439495]]
2019-04-27 15:45:57,933 - DEBUG - portfolio-optimization - efficient_frontier - 
theta_ef at mu_p = 0.0005000000000000143
[[ 1.83735193]
 [-0.11345558]
 [-0.22621838]
 [-0.10604602]
 [ 0.10050495]
 [ 0.3641128 ]
 [-0.78028347]
 [-0.08366157]
 [ 0.00769534]]
2019-04-27 15:45:57,933 - DEBUG - portfolio-optimization - efficient_frontier - 
theta_ef at mu_p = 0.0006000000000000146
[[ 1.90869352]
 [-0.12388667]
 [-0.25554458]
 [-0.12437833]
 [ 0.1059395 ]
 [ 0.38580807]
 [-0.83646297]
 [-0.08995418]
 [ 0.02978564]]
2019-04-27 15:45:57,934 - DEBUG - portfolio-optimization - efficient_frontier - 
theta_ef at mu_p = 0.0007000000000000148
[[ 1.9800351 ]
 [-0.13431775]
 [-0.28487078]
 [-0.14271063]
 [ 0.11137404]
 [ 0.40750334]
 [-0.89264246]
 [-0.09624678]
 [ 0.05187593]]
2019-04-27 15:45:57,934 - DEBUG - portfolio-optimization - efficient_frontier - 
theta_ef at mu_p = 0.0008000000000000151
[[ 2.05137668]
 [-0.14474884]
 [-0.31419698]
 [-0.16104294]
 [ 0.11680858]
 [ 0.42919861]
 [-0.94882195]
 [-0.10253939]
 [ 0.07396622]]
2019-04-27 15:45:57,934 - DEBUG - portfolio-optimization - efficient_frontier - 
theta_ef at mu_p = 0.0009000000000000154
[[ 2.12271827]
 [-0.15517992]
 [-0.34352318]
 [-0.17937524]
 [ 0.12224313]
 [ 0.45089388]
 [-1.00500145]
 [-0.10883199]
 [ 0.09605651]]
2019-04-27 15:45:57,935 - DEBUG - portfolio-optimization - efficient_frontier - 
theta_ef at mu_p = 0.0010000000000000156
[[ 2.19405985]
 [-0.16561101]
 [-0.37284938]
 [-0.19770755]
 [ 0.12767767]
 [ 0.47258915]
 [-1.06118094]
 [-0.1151246 ]
 [ 0.11814681]]
2019-04-27 15:45:57,935 - DEBUG - portfolio-optimization - efficient_frontier - 
theta_ef at mu_p = 0.001100000000000016
[[ 2.26540144]
 [-0.17604209]
 [-0.40217558]
 [-0.21603985]
 [ 0.13311221]
 [ 0.49428442]
 [-1.11736044]
 [-0.12141721]
 [ 0.1402371 ]]
2019-04-27 15:45:57,935 - DEBUG - portfolio-optimization - efficient_frontier - 
theta_ef at mu_p = 0.0012000000000000162
[[ 2.33674302]
 [-0.18647318]
 [-0.43150178]
 [-0.23437216]
 [ 0.13854676]
 [ 0.51597968]
 [-1.17353993]
 [-0.12770981]
 [ 0.16232739]]
2019-04-27 15:45:57,935 - DEBUG - portfolio-optimization - efficient_frontier - 
theta_ef at mu_p = 0.0013000000000000164
[[ 2.40808461]
 [-0.19690426]
 [-0.46082798]
 [-0.25270446]
 [ 0.1439813 ]
 [ 0.53767495]
 [-1.22971943]
 [-0.13400242]
 [ 0.18441768]]
2019-04-27 15:45:57,936 - DEBUG - portfolio-optimization - efficient_frontier - 
theta_ef at mu_p = 0.0014000000000000167
[[ 2.47942619]
 [-0.20733535]
 [-0.49015418]
 [-0.27103677]
 [ 0.14941585]
 [ 0.55937022]
 [-1.28589892]
 [-0.14029502]
 [ 0.20650798]]
2019-04-27 15:45:57,936 - DEBUG - portfolio-optimization - efficient_frontier - 
theta_ef at mu_p = 0.001500000000000017
[[ 2.55076778]
 [-0.21776643]
 [-0.51948038]
 [-0.28936907]
 [ 0.15485039]
 [ 0.58106549]
 [-1.34207842]
 [-0.14658763]
 [ 0.22859827]]
2019-04-27 15:45:57,936 - DEBUG - portfolio-optimization - efficient_frontier - 
theta_ef at mu_p = 0.0016000000000000172
[[ 2.62210936]
 [-0.22819752]
 [-0.54880658]
 [-0.30770138]
 [ 0.16028493]
 [ 0.60276076]
 [-1.39825791]
 [-0.15288023]
 [ 0.25068856]]
2019-04-27 15:45:57,937 - DEBUG - portfolio-optimization - efficient_frontier - 
theta_ef at mu_p = 0.0017000000000000175
[[ 2.69345095]
 [-0.2386286 ]
 [-0.57813278]
 [-0.32603368]
 [ 0.16571948]
 [ 0.62445603]
 [-1.4544374 ]
 [-0.15917284]
 [ 0.27277885]]
2019-04-27 15:45:57,937 - DEBUG - portfolio-optimization - efficient_frontier - 
theta_ef at mu_p = 0.0018000000000000177
[[ 2.76479253]
 [-0.24905969]
 [-0.60745898]
 [-0.34436599]
 [ 0.17115402]
 [ 0.6461513 ]
 [-1.5106169 ]
 [-0.16546545]
 [ 0.29486915]]
2019-04-27 15:45:57,937 - DEBUG - portfolio-optimization - efficient_frontier - 
theta_ef at mu_p = 0.001900000000000018
[[ 2.83613411]
 [-0.25949077]
 [-0.63678518]
 [-0.36269829]
 [ 0.17658857]
 [ 0.66784656]
 [-1.56679639]
 [-0.17175805]
 [ 0.31695944]]
2019-04-27 15:45:57,937 - DEBUG - portfolio-optimization - efficient_frontier - 
theta_ef at mu_p = 0.0020000000000000183
[[ 2.9074757 ]
 [-0.26992185]
 [-0.66611138]
 [-0.3810306 ]
 [ 0.18202311]
 [ 0.68954183]
 [-1.62297589]
 [-0.17805066]
 [ 0.33904973]]
2019-04-27 15:45:57,938 - DEBUG - portfolio-optimization - efficient_frontier - 
theta_ef at mu_p = 0.0021000000000000185
[[ 2.97881728]
 [-0.28035294]
 [-0.69543757]
 [-0.3993629 ]
 [ 0.18745765]
 [ 0.7112371 ]
 [-1.67915538]
 [-0.18434326]
 [ 0.36114002]]
2019-04-27 15:45:57,938 - DEBUG - portfolio-optimization - efficient_frontier - 
theta_ef at mu_p = 0.0022000000000000188
[[ 3.05015887]
 [-0.29078402]
 [-0.72476377]
 [-0.41769521]
 [ 0.1928922 ]
 [ 0.73293237]
 [-1.73533488]
 [-0.19063587]
 [ 0.38323032]]
2019-04-27 15:45:57,938 - DEBUG - portfolio-optimization - efficient_frontier - 
theta_ef at mu_p = 0.002300000000000019
[[ 3.12150045]
 [-0.30121511]
 [-0.75408997]
 [-0.43602751]
 [ 0.19832674]
 [ 0.75462764]
 [-1.79151437]
 [-0.19692848]
 [ 0.40532061]]
2019-04-27 15:45:57,938 - DEBUG - portfolio-optimization - efficient_frontier - 
theta_ef at mu_p = 0.0024000000000000193
[[ 3.19284204]
 [-0.31164619]
 [-0.78341617]
 [-0.45435982]
 [ 0.20376128]
 [ 0.77632291]
 [-1.84769386]
 [-0.20322108]
 [ 0.4274109 ]]
2019-04-27 15:45:57,939 - DEBUG - portfolio-optimization - efficient_frontier - 
theta_ef at mu_p = 0.0025000000000000196
[[ 3.26418362]
 [-0.32207728]
 [-0.81274237]
 [-0.47269212]
 [ 0.20919583]
 [ 0.79801818]
 [-1.90387336]
 [-0.20951369]
 [ 0.44950119]]
2019-04-27 15:45:57,939 - DEBUG - portfolio-optimization - efficient_frontier - 
theta_ef at mu_p = 0.00260000000000002
[[ 3.33552521]
 [-0.33250836]
 [-0.84206857]
 [-0.49102443]
 [ 0.21463037]
 [ 0.81971344]
 [-1.96005285]
 [-0.21580629]
 [ 0.47159149]]
2019-04-27 15:45:57,939 - DEBUG - portfolio-optimization - efficient_frontier - 
theta_ef at mu_p = 0.00270000000000002
[[ 3.40686679]
 [-0.34293945]
 [-0.87139477]
 [-0.50935673]
 [ 0.22006492]
 [ 0.84140871]
 [-2.01623235]
 [-0.2220989 ]
 [ 0.49368178]]
2019-04-27 15:45:57,940 - DEBUG - portfolio-optimization - efficient_frontier - 
theta_ef at mu_p = 0.0028000000000000204
[[ 3.47820838]
 [-0.35337053]
 [-0.90072097]
 [-0.52768904]
 [ 0.22549946]
 [ 0.86310398]
 [-2.07241184]
 [-0.2283915 ]
 [ 0.51577207]]
2019-04-27 15:45:57,940 - DEBUG - portfolio-optimization - efficient_frontier - 
theta_ef at mu_p = 0.0029000000000000215
[[ 3.54954996]
 [-0.36380162]
 [-0.93004717]
 [-0.54602134]
 [ 0.230934  ]
 [ 0.88479925]
 [-2.12859134]
 [-0.23468411]
 [ 0.53786236]]
2019-04-27 15:45:57,940 - DEBUG - portfolio-optimization - efficient_frontier - 
theta_ef at mu_p = 0.003000000000000021
[[ 3.62089154]
 [-0.3742327 ]
 [-0.95937337]
 [-0.56435365]
 [ 0.23636855]
 [ 0.90649452]
 [-2.18477083]
 [-0.24097672]
 [ 0.55995266]]
2019-04-27 15:45:57,940 - DEBUG - portfolio-optimization - efficient_frontier - 
theta_ef at mu_p = 0.0031000000000000203
[[ 3.69223313]
 [-0.38466379]
 [-0.98869957]
 [-0.58268595]
 [ 0.24180309]
 [ 0.92818979]
 [-2.24095033]
 [-0.24726932]
 [ 0.58204295]]
2019-04-27 15:45:57,941 - DEBUG - portfolio-optimization - efficient_frontier - 
theta_ef at mu_p = 0.0032000000000000214
[[ 3.76357471]
 [-0.39509487]
 [-1.01802577]
 [-0.60101826]
 [ 0.24723764]
 [ 0.94988505]
 [-2.29712982]
 [-0.25356193]
 [ 0.60413324]]
2019-04-27 15:45:57,941 - DEBUG - portfolio-optimization - efficient_frontier - 
theta_ef at mu_p = 0.0033000000000000225
[[ 3.8349163 ]
 [-0.40552596]
 [-1.04735197]
 [-0.61935056]
 [ 0.25267218]
 [ 0.97158032]
 [-2.35330931]
 [-0.25985453]
 [ 0.62622353]]
2019-04-27 15:45:57,941 - DEBUG - portfolio-optimization - efficient_frontier - 
theta_ef at mu_p = 0.003400000000000022
[[ 3.90625788]
 [-0.41595704]
 [-1.07667817]
 [-0.63768287]
 [ 0.25810672]
 [ 0.99327559]
 [-2.40948881]
 [-0.26614714]
 [ 0.64831383]]
2019-04-27 15:45:57,941 - DEBUG - portfolio-optimization - efficient_frontier - 
theta_ef at mu_p = 0.0035000000000000213
[[ 3.97759947]
 [-0.42638813]
 [-1.10600437]
 [-0.65601517]
